datasets,count
"AMAZON_EXTENSION_2024_DynamicWorld_2024_24MXU_M_R,AMAZON_EXTENSION_2024_ESRI_Annual_LULC_2024_24MXU_M_R,AMAZON_EXTENSION_2024_GLC_FCS30D_2022_24MXU_M_R,AMAZON_EXTENSION_2024_MapBiomas_10mbeta_2023_24MXU_M_R,AMAZON_EXTENSION_2024_MapBiomas_Collection10_2024_24MXU_M_R,AMAZON_EXTENSION_2024_WorldCover_2021_24MXU_M_R",2023
"AMAZON_EXTENSION_2024_DynamicWorld_2024_24MXU_M_R,AMAZON_EXTENSION_2024_ESRI_Annual_LULC_2024_24MXU_M_R,AMAZON_EXTENSION_2024_GLC_FCS30D_2022_24MXU_M_R,AMAZON_EXTENSION_2024_GWL_FCS30D_2022_24MXU_M_R,AMAZON_EXTENSION_2024_MapBiomas_10mbeta_2023_24MXU_M_R,AMAZON_EXTENSION_2024_MapBiomas_Collection10_2024_24MXU_M_R,AMAZON_EXTENSION_2024_WorldCover_2021_24MXU_M_R",1940
"AMAZON_EXTENSION_2024_DynamicWorld_2024_24MXU_M_R,AMAZON_EXTENSION_2024_GLC_FCS30D_2022_24MXU_M_R,AMAZON_EXTENSION_2024_MapBiomas_10mbeta_2023_24MXU_M_R,AMAZON_EXTENSION_2024_MapBiomas_Collection10_2024_24MXU_M_R,AMAZON_EXTENSION_2024_WorldCover_2021_24MXU_M_R",1539
"AMAZON_EXTENSION_2024_DynamicWorld_2024_24MXU_M_R,AMAZON_EXTENSION_2024_ESRI_Annual_LULC_2024_24MXU_M_R,AMAZON_EXTENSION_2024_GLC_FCS30D_2022_24MXU_M_R,AMAZON_EXTENSION_2024_GSW_Yearly_2021_24MXU_M_R,AMAZON_EXTENSION_2024_GWL_FCS30D_2022_24MXU_M_R,AMAZON_EXTENSION_2024_MapBiomas_10mbeta_2023_24MXU_M_R,AMAZON_EXTENSION_2024_MapBiomas_Collection10_2024_24MXU_M_R,AMAZON_EXTENSION_2024_WorldCover_2021_24MXU_M_R",1408
"AMAZON_EXTENSION_2024_DynamicWorld_2024_24MXU_M_R,AMAZON_EXTENSION_2024_GLC_FCS30D_2022_24MXU_M_R,AMAZON_EXTENSION_2024_GWL_FCS30D_2022_24MXU_M_R,AMAZON_EXTENSION_2024_MapBiomas_10mbeta_2023_24MXU_M_R,AMAZON_EXTENSION_2024_MapBiomas_Collection10_2024_24MXU_M_R,AMAZON_EXTENSION_2024_WorldCover_2021_24MXU_M_R",1208
"AMAZON_EXTENSION_2024_ESRI_Annual_LULC_2024_24MXU_M_R,AMAZON_EXTENSION_2024_GLC_FCS30D_2022_24MXU_M_R,AMAZON_EXTENSION_2024_MapBiomas_10mbeta_2023_24MXU_M_R,AMAZON_EXTENSION_2024_MapBiomas_Collection10_2024_24MXU_M_R,AMAZON_EXTENSION_2024_WorldCover_2021_24MXU_M_R",992
"AMAZON_EXTENSION_2024_DynamicWorld_2024_24MXU_M_R,AMAZON_EXTENSION_2024_GLC_FCS30D_2022_24MXU_M_R,AMAZON_EXTENSION_2024_GSW_Yearly_2021_24MXU_M_R,AMAZON_EXTENSION_2024_GWL_FCS30D_2022_24MXU_M_R,AMAZON_EXTENSION_2024_MapBiomas_10mbeta_2023_24MXU_M_R,AMAZON_EXTENSION_2024_MapBiomas_Collection10_2024_24MXU_M_R,AMAZON_EXTENSION_2024_WorldCover_2021_24MXU_M_R",930
"AMAZON_EXTENSION_2024_DynamicWorld_2024_24MXU_M_R,AMAZON_EXTENSION_2024_ESRI_Annual_LULC_2024_24MXU_M_R,AMAZON_EXTENSION_2024_GLC_FCS30D_2022_24MXU_M_R,AMAZON_EXTENSION_2024_GSW_Yearly_2021_24MXU_M_R,AMAZON_EXTENSION_2024_MapBiomas_10mbeta_2023_24MXU_M_R,AMAZON_EXTENSION_2024_MapBiomas_Collection10_2024_24MXU_M_R,AMAZON_EXTENSION_2024_WorldCover_2021_24MXU_M_R",816
"AMAZON_EXTENSION_2024_DynamicWorld_2024_24MXU_M_R,AMAZON_EXTENSION_2024_ESRI_Annual_LULC_2024_24MXU_M_R,AMAZON_EXTENSION_2024_GLC_FCS30D_2022_24MXU_M_R,AMAZON_EXTENSION_2024_MapBiomas_10mbeta_2023_24MXU_M_R,AMAZON_EXTENSION_2024_WorldCover_2021_24MXU_M_R",802
"AMAZON_EXTENSION_2024_DynamicWorld_2024_24MXU_M_R,AMAZON_EXTENSION_2024_GLC_FCS30D_2022_24MXU_M_R,AMAZON_EXTENSION_2024_GSW_Yearly_2021_24MXU_M_R,AMAZON_EXTENSION_2024_MapBiomas_10mbeta_2023_24MXU_M_R,AMAZON_EXTENSION_2024_MapBiomas_Collection10_2024_24MXU_M_R,AMAZON_EXTENSION_2024_WorldCover_2021_24MXU_M_R",793
"AMAZON_EXTENSION_2024_GLC_FCS30D_2022_24MXU_M_R,AMAZON_EXTENSION_2024_MapBiomas_10mbeta_2023_24MXU_M_R,AMAZON_EXTENSION_2024_MapBiomas_Collection10_2024_24MXU_M_R,AMAZON_EXTENSION_2024_WorldCover_2021_24MXU_M_R",720
"AMAZON_EXTENSION_2024_DynamicWorld_2024_24MXU_M_R,AMAZON_EXTENSION_2024_ESRI_Annual_LULC_2024_24MXU_M_R,AMAZON_EXTENSION_2024_GLC_FCS30D_2022_24MXU_M_R,AMAZON_EXTENSION_2024_GWL_FCS30D_2022_24MXU_M_R,AMAZON_EXTENSION_2024_MapBiomas_10mbeta_2023_24MXU_M_R,AMAZON_EXTENSION_2024_WorldCover_2021_24MXU_M_R",697
"AMAZON_EXTENSION_2024_DynamicWorld_2024_24MXU_M_R,AMAZON_EXTENSION_2024_ESRI_Annual_LULC_2024_24MXU_M_R,AMAZON_EXTENSION_2024_GLC_FCS30D_2022_24MXU_M_R,AMAZON_EXTENSION_2024_GWL_FCS30D_2022_24MXU_M_R,AMAZON_EXTENSION_2024_MapBiomas_Collection10_2024_24MXU_M_R,AMAZON_EXTENSION_2024_WorldCover_2021_24MXU_M_R",659
"AMAZON_EXTENSION_2024_DynamicWorld_2024_24MXU_M_R,AMAZON_EXTENSION_2024_ESRI_Annual_LULC_2024_24MXU_M_R,AMAZON_EXTENSION_2024_GLC_FCS30D_2022_24MXU_M_R,AMAZON_EXTENSION_2024_MapBiomas_Collection10_2024_24MXU_M_R,AMAZON_EXTENSION_2024_WorldCover_2021_24MXU_M_R",615
"AMAZON_EXTENSION_2024_DynamicWorld_2024_24MXU_M_R,AMAZON_EXTENSION_2024_GLC_FCS30D_2022_24MXU_M_R,AMAZON_EXTENSION_2024_MapBiomas_10mbeta_2023_24MXU_M_R,AMAZON_EXTENSION_2024_WorldCover_2021_24MXU_M_R",513
"AMAZON_EXTENSION_2024_DynamicWorld_2024_24MXU_M_R,AMAZON_EXTENSION_2024_GLC_FCS30D_2022_24MXU_M_R,AMAZON_EXTENSION_2024_MapBiomas_Collection10_2024_24MXU_M_R,AMAZON_EXTENSION_2024_WorldCover_2021_24MXU_M_R",464
"AMAZON_EXTENSION_2024_DynamicWorld_2024_24MXU_M_R,AMAZON_EXTENSION_2024_ESRI_Annual_LULC_2024_24MXU_M_R,AMAZON_EXTENSION_2024_GLC_FCS30D_2022_24MXU_M_R,AMAZON_EXTENSION_2024_MapBiomas_10mbeta_2023_24MXU_M_R,AMAZON_EXTENSION_2024_MapBiomas_Collection10_2024_24MXU_M_R",450
"AMAZON_EXTENSION_2024_DynamicWorld_2024_24MXU_M_R,AMAZON_EXTENSION_2024_GLC_FCS30D_2022_24MXU_M_R,AMAZON_EXTENSION_2024_GWL_FCS30D_2022_24MXU_M_R,AMAZON_EXTENSION_2024_MapBiomas_10mbeta_2023_24MXU_M_R,AMAZON_EXTENSION_2024_WorldCover_2021_24MXU_M_R",449
"AMAZON_EXTENSION_2024_DynamicWorld_2024_24MXU_M_R,AMAZON_EXTENSION_2024_ESRI_Annual_LULC_2024_24MXU_M_R,AMAZON_EXTENSION_2024_MapBiomas_10mbeta_2023_24MXU_M_R,AMAZON_EXTENSION_2024_MapBiomas_Collection10_2024_24MXU_M_R,AMAZON_EXTENSION_2024_WorldCover_2021_24MXU_M_R",421
"AMAZON_EXTENSION_2024_DynamicWorld_2024_24MXU_M_R,AMAZON_EXTENSION_2024_GLC_FCS30D_2022_24MXU_M_R,AMAZON_EXTENSION_2024_MapBiomas_10mbeta_2023_24MXU_M_R,AMAZON_EXTENSION_2024_MapBiomas_Collection10_2024_24MXU_M_R",412
"AMAZON_EXTENSION_2024_DynamicWorld_2024_24MXU_M_R,AMAZON_EXTENSION_2024_ESRI_Annual_LULC_2024_24MXU_M_R,AMAZON_EXTENSION_2024_GLC_FCS30D_2022_24MXU_M_R,AMAZON_EXTENSION_2024_GSW_Yearly_2021_24MXU_M_R,AMAZON_EXTENSION_2024_GWL_FCS30D_2022_24MXU_M_R,AMAZON_EXTENSION_2024_MapBiomas_10mbeta_2023_24MXU_M_R,AMAZON_EXTENSION_2024_WorldCover_2021_24MXU_M_R",407
"AMAZON_EXTENSION_2024_DynamicWorld_2024_24MXU_M_R,AMAZON_EXTENSION_2024_ESRI_Annual_LULC_2024_24MXU_M_R,AMAZON_EXTENSION_2024_GLC_FCS30D_2022_24MXU_M_R,AMAZON_EXTENSION_2024_GSW_Yearly_2021_24MXU_M_R,AMAZON_EXTENSION_2024_GWL_FCS30D_2022_24MXU_M_R,AMAZON_EXTENSION_2024_MapBiomas_Collection10_2024_24MXU_M_R,AMAZON_EXTENSION_2024_WorldCover_2021_24MXU_M_R",396
"AMAZON_EXTENSION_2024_DynamicWorld_2024_24MXU_M_R,AMAZON_EXTENSION_2024_GLC_FCS30D_2022_24MXU_M_R,AMAZON_EXTENSION_2024_GWL_FCS30D_2022_24MXU_M_R,AMAZON_EXTENSION_2024_MapBiomas_Collection10_2024_24MXU_M_R,AMAZON_EXTENSION_2024_WorldCover_2021_24MXU_M_R",395
"AMAZON_EXTENSION_2024_DynamicWorld_2024_24MXU_M_R,AMAZON_EXTENSION_2024_MapBiomas_10mbeta_2023_24MXU_M_R,AMAZON_EXTENSION_2024_MapBiomas_Collection10_2024_24MXU_M_R,AMAZON_EXTENSION_2024_WorldCover_2021_24MXU_M_R",347
"AMAZON_EXTENSION_2024_DynamicWorld_2024_24MXU_M_R,AMAZON_EXTENSION_2024_ESRI_Annual_LULC_2024_24MXU_M_R,AMAZON_EXTENSION_2024_GWL_FCS30D_2022_24MXU_M_R,AMAZON_EXTENSION_2024_MapBiomas_10mbeta_2023_24MXU_M_R,AMAZON_EXTENSION_2024_MapBiomas_Collection10_2024_24MXU_M_R,AMAZON_EXTENSION_2024_WorldCover_2021_24MXU_M_R",312
"AMAZON_EXTENSION_2024_ESRI_Annual_LULC_2024_24MXU_M_R,AMAZON_EXTENSION_2024_GLC_FCS30D_2022_24MXU_M_R,AMAZON_EXTENSION_2024_MapBiomas_10mbeta_2023_24MXU_M_R,AMAZON_EXTENSION_2024_WorldCover_2021_24MXU_M_R",310
"AMAZON_EXTENSION_2024_DynamicWorld_2024_24MXU_M_R,AMAZON_EXTENSION_2024_GLC_FCS30D_2022_24MXU_M_R,AMAZON_EXTENSION_2024_GSW_Yearly_2021_24MXU_M_R,AMAZON_EXTENSION_2024_GWL_FCS30D_2022_24MXU_M_R,AMAZON_EXTENSION_2024_MapBiomas_10mbeta_2023_24MXU_M_R,AMAZON_EXTENSION_2024_WorldCover_2021_24MXU_M_R",297
"AMAZON_EXTENSION_2024_GLC_FCS30D_2022_24MXU_M_R,AMAZON_EXTENSION_2024_GSW_Yearly_2021_24MXU_M_R,AMAZON_EXTENSION_2024_MapBiomas_10mbeta_2023_24MXU_M_R,AMAZON_EXTENSION_2024_MapBiomas_Collection10_2024_24MXU_M_R,AMAZON_EXTENSION_2024_WorldCover_2021_24MXU_M_R",288
"AMAZON_EXTENSION_2024_DynamicWorld_2024_24MXU_M_R,AMAZON_EXTENSION_2024_GLC_FCS30D_2022_24MXU_M_R,AMAZON_EXTENSION_2024_GSW_Yearly_2021_24MXU_M_R,AMAZON_EXTENSION_2024_GWL_FCS30D_2022_24MXU_M_R,AMAZON_EXTENSION_2024_MapBiomas_Collection10_2024_24MXU_M_R,AMAZON_EXTENSION_2024_WorldCover_2021_24MXU_M_R",286
"AMAZON_EXTENSION_2024_DynamicWorld_2024_24MXU_M_R,AMAZON_EXTENSION_2024_ESRI_Annual_LULC_2024_24MXU_M_R,AMAZON_EXTENSION_2024_GLC_FCS30D_2022_24MXU_M_R,AMAZON_EXTENSION_2024_GSW_Yearly_2021_24MXU_M_R,AMAZON_EXTENSION_2024_MapBiomas_10mbeta_2023_24MXU_M_R,AMAZON_EXTENSION_2024_WorldCover_2021_24MXU_M_R",283
"AMAZON_EXTENSION_2024_DynamicWorld_2024_24MXU_M_R,AMAZON_EXTENSION_2024_ESRI_Annual_LULC_2024_24MXU_M_R,AMAZON_EXTENSION_2024_GLC_FCS30D_2022_24MXU_M_R,AMAZON_EXTENSION_2024_WorldCover_2021_24MXU_M_R",276
"AMAZON_EXTENSION_2024_DynamicWorld_2024_24MXU_M_R,AMAZON_EXTENSION_2024_GLC_FCS30D_2022_24MXU_M_R,AMAZON_EXTENSION_2024_GSW_Yearly_2021_24MXU_M_R,AMAZON_EXTENSION_2024_MapBiomas_10mbeta_2023_24MXU_M_R,AMAZON_EXTENSION_2024_WorldCover_2021_24MXU_M_R",267
"AMAZON_EXTENSION_2024_ESRI_Annual_LULC_2024_24MXU_M_R,AMAZON_EXTENSION_2024_GLC_FCS30D_2022_24MXU_M_R,AMAZON_EXTENSION_2024_MapBiomas_Collection10_2024_24MXU_M_R,AMAZON_EXTENSION_2024_WorldCover_2021_24MXU_M_R",261
"AMAZON_EXTENSION_2024_DynamicWorld_2024_24MXU_M_R,AMAZON_EXTENSION_2024_ESRI_Annual_LULC_2024_24MXU_M_R,AMAZON_EXTENSION_2024_GLC_FCS30D_2022_24MXU_M_R,AMAZON_EXTENSION_2024_GWL_FCS30D_2022_24MXU_M_R,AMAZON_EXTENSION_2024_WorldCover_2021_24MXU_M_R",252
"AMAZON_EXTENSION_2024_ESRI_Annual_LULC_2024_24MXU_M_R,AMAZON_EXTENSION_2024_GLC_FCS30D_2022_24MXU_M_R,AMAZON_EXTENSION_2024_MapBiomas_10mbeta_2023_24MXU_M_R,AMAZON_EXTENSION_2024_MapBiomas_Collection10_2024_24MXU_M_R",233
"AMAZON_EXTENSION_2024_DynamicWorld_2024_24MXU_M_R,AMAZON_EXTENSION_2024_ESRI_Annual_LULC_2024_24MXU_M_R,AMAZON_EXTENSION_2024_GLC_FCS30D_2022_24MXU_M_R,AMAZON_EXTENSION_2024_GWL_FCS30D_2022_24MXU_M_R,AMAZON_EXTENSION_2024_MapBiomas_10mbeta_2023_24MXU_M_R,AMAZON_EXTENSION_2024_MapBiomas_Collection10_2024_24MXU_M_R",231
"AMAZON_EXTENSION_2024_DynamicWorld_2024_24MXU_M_R,AMAZON_EXTENSION_2024_ESRI_Annual_LULC_2024_24MXU_M_R,AMAZON_EXTENSION_2024_GLC_FCS30D_2022_24MXU_M_R,AMAZON_EXTENSION_2024_GSW_Yearly_2021_24MXU_M_R,AMAZON_EXTENSION_2024_MapBiomas_Collection10_2024_24MXU_M_R,AMAZON_EXTENSION_2024_WorldCover_2021_24MXU_M_R",231
"AMAZON_EXTENSION_2024_DynamicWorld_2024_24MXU_M_R,AMAZON_EXTENSION_2024_GLC_FCS30D_2022_24MXU_M_R,AMAZON_EXTENSION_2024_GSW_Yearly_2021_24MXU_M_R,AMAZON_EXTENSION_2024_MapBiomas_Collection10_2024_24MXU_M_R,AMAZON_EXTENSION_2024_WorldCover_2021_24MXU_M_R",222
"AMAZON_EXTENSION_2024_GLC_FCS30D_2022_24MXU_M_R,AMAZON_EXTENSION_2024_MapBiomas_10mbeta_2023_24MXU_M_R,AMAZON_EXTENSION_2024_WorldCover_2021_24MXU_M_R",209
"AMAZON_EXTENSION_2024_GLC_FCS30D_2022_24MXU_M_R,AMAZON_EXTENSION_2024_GSW_Yearly_2021_24MXU_M_R,AMAZON_EXTENSION_2024_GWL_FCS30D_2022_24MXU_M_R,AMAZON_EXTENSION_2024_MapBiomas_10mbeta_2023_24MXU_M_R,AMAZON_EXTENSION_2024_MapBiomas_Collection10_2024_24MXU_M_R,AMAZON_EXTENSION_2024_WorldCover_2021_24MXU_M_R",207
"AMAZON_EXTENSION_2024_GLC_FCS30D_2022_24MXU_M_R,AMAZON_EXTENSION_2024_GWL_FCS30D_2022_24MXU_M_R,AMAZON_EXTENSION_2024_MapBiomas_10mbeta_2023_24MXU_M_R,AMAZON_EXTENSION_2024_MapBiomas_Collection10_2024_24MXU_M_R,AMAZON_EXTENSION_2024_WorldCover_2021_24MXU_M_R",203
"AMAZON_EXTENSION_2024_ESRI_Annual_LULC_2024_24MXU_M_R,AMAZON_EXTENSION_2024_MapBiomas_10mbeta_2023_24MXU_M_R,AMAZON_EXTENSION_2024_MapBiomas_Collection10_2024_24MXU_M_R,AMAZON_EXTENSION_2024_WorldCover_2021_24MXU_M_R",193
"AMAZON_EXTENSION_2024_DynamicWorld_2024_24MXU_M_R,AMAZON_EXTENSION_2024_ESRI_Annual_LULC_2024_24MXU_M_R,AMAZON_EXTENSION_2024_GLC_FCS30D_2022_24MXU_M_R,AMAZON_EXTENSION_2024_MapBiomas_10mbeta_2023_24MXU_M_R",188
"AMAZON_EXTENSION_2024_DynamicWorld_2024_24MXU_M_R,AMAZON_EXTENSION_2024_GWL_FCS30D_2022_24MXU_M_R,AMAZON_EXTENSION_2024_MapBiomas_10mbeta_2023_24MXU_M_R,AMAZON_EXTENSION_2024_MapBiomas_Collection10_2024_24MXU_M_R,AMAZON_EXTENSION_2024_WorldCover_2021_24MXU_M_R",183
"AMAZON_EXTENSION_2024_DynamicWorld_2024_24MXU_M_R,AMAZON_EXTENSION_2024_GSW_Yearly_2021_24MXU_M_R,AMAZON_EXTENSION_2024_MapBiomas_10mbeta_2023_24MXU_M_R,AMAZON_EXTENSION_2024_MapBiomas_Collection10_2024_24MXU_M_R,AMAZON_EXTENSION_2024_WorldCover_2021_24MXU_M_R",183
"AMAZON_EXTENSION_2024_GLC_FCS30D_2022_24MXU_M_R,AMAZON_EXTENSION_2024_MapBiomas_Collection10_2024_24MXU_M_R,AMAZON_EXTENSION_2024_WorldCover_2021_24MXU_M_R",175
"AMAZON_EXTENSION_2024_GLC_FCS30D_2022_24MXU_M_R,AMAZON_EXTENSION_2024_MapBiomas_10mbeta_2023_24MXU_M_R,AMAZON_EXTENSION_2024_MapBiomas_Collection10_2024_24MXU_M_R",175
"AMAZON_EXTENSION_2024_DynamicWorld_2024_24MXU_M_R,AMAZON_EXTENSION_2024_ESRI_Annual_LULC_2024_24MXU_M_R,AMAZON_EXTENSION_2024_GSW_Yearly_2021_24MXU_M_R,AMAZON_EXTENSION_2024_MapBiomas_10mbeta_2023_24MXU_M_R,AMAZON_EXTENSION_2024_MapBiomas_Collection10_2024_24MXU_M_R,AMAZON_EXTENSION_2024_WorldCover_2021_24MXU_M_R",173
"AMAZON_EXTENSION_2024_MapBiomas_10mbeta_2023_24MXU_M_R,AMAZON_EXTENSION_2024_MapBiomas_Collection10_2024_24MXU_M_R,AMAZON_EXTENSION_2024_WorldCover_2021_24MXU_M_R",158
"AMAZON_EXTENSION_2024_DynamicWorld_2024_24MXU_M_R,AMAZON_EXTENSION_2024_GLC_FCS30D_2022_24MXU_M_R,AMAZON_EXTENSION_2024_WorldCover_2021_24MXU_M_R",152
"AMAZON_EXTENSION_2024_DynamicWorld_2024_24MXU_M_R,AMAZON_EXTENSION_2024_ESRI_Annual_LULC_2024_24MXU_M_R,AMAZON_EXTENSION_2024_MapBiomas_10mbeta_2023_24MXU_M_R,AMAZON_EXTENSION_2024_WorldCover_2021_24MXU_M_R",150
"AMAZON_EXTENSION_2024_DynamicWorld_2024_24MXU_M_R,AMAZON_EXTENSION_2024_ESRI_Annual_LULC_2024_24MXU_M_R,AMAZON_EXTENSION_2024_GLC_FCS30D_2022_24MXU_M_R,AMAZON_EXTENSION_2024_MapBiomas_Collection10_2024_24MXU_M_R",142
"AMAZON_EXTENSION_2024_DynamicWorld_2024_24MXU_M_R,AMAZON_EXTENSION_2024_GLC_FCS30D_2022_24MXU_M_R,AMAZON_EXTENSION_2024_GWL_FCS30D_2022_24MXU_M_R,AMAZON_EXTENSION_2024_WorldCover_2021_24MXU_M_R",137
"AMAZON_EXTENSION_2024_DynamicWorld_2024_24MXU_M_R,AMAZON_EXTENSION_2024_ESRI_Annual_LULC_2024_24MXU_M_R,AMAZON_EXTENSION_2024_GLC_FCS30D_2022_24MXU_M_R,AMAZON_EXTENSION_2024_GSW_Yearly_2021_24MXU_M_R,AMAZON_EXTENSION_2024_GWL_FCS30D_2022_24MXU_M_R,AMAZON_EXTENSION_2024_WorldCover_2021_24MXU_M_R",135
"AMAZON_EXTENSION_2024_DynamicWorld_2024_24MXU_M_R,AMAZON_EXTENSION_2024_GLC_FCS30D_2022_24MXU_M_R,AMAZON_EXTENSION_2024_GWL_FCS30D_2022_24MXU_M_R,AMAZON_EXTENSION_2024_MapBiomas_10mbeta_2023_24MXU_M_R,AMAZON_EXTENSION_2024_MapBiomas_Collection10_2024_24MXU_M_R",133
"AMAZON_EXTENSION_2024_ESRI_Annual_LULC_2024_24MXU_M_R,AMAZON_EXTENSION_2024_GLC_FCS30D_2022_24MXU_M_R,AMAZON_EXTENSION_2024_GWL_FCS30D_2022_24MXU_M_R,AMAZON_EXTENSION_2024_MapBiomas_10mbeta_2023_24MXU_M_R,AMAZON_EXTENSION_2024_MapBiomas_Collection10_2024_24MXU_M_R,AMAZON_EXTENSION_2024_WorldCover_2021_24MXU_M_R",124
"AMAZON_EXTENSION_2024_ESRI_Annual_LULC_2024_24MXU_M_R,AMAZON_EXTENSION_2024_GLC_FCS30D_2022_24MXU_M_R,AMAZON_EXTENSION_2024_GSW_Yearly_2021_24MXU_M_R,AMAZON_EXTENSION_2024_MapBiomas_10mbeta_2023_24MXU_M_R,AMAZON_EXTENSION_2024_MapBiomas_Collection10_2024_24MXU_M_R,AMAZON_EXTENSION_2024_WorldCover_2021_24MXU_M_R",123
"AMAZON_EXTENSION_2024_DynamicWorld_2024_24MXU_M_R,AMAZON_EXTENSION_2024_GLC_FCS30D_2022_24MXU_M_R,AMAZON_EXTENSION_2024_MapBiomas_10mbeta_2023_24MXU_M_R",123
"AMAZON_EXTENSION_2024_DynamicWorld_2024_24MXU_M_R,AMAZON_EXTENSION_2024_ESRI_Annual_LULC_2024_24MXU_M_R,AMAZON_EXTENSION_2024_MapBiomas_Collection10_2024_24MXU_M_R,AMAZON_EXTENSION_2024_WorldCover_2021_24MXU_M_R",118
"AMAZON_EXTENSION_2024_DynamicWorld_2024_24MXU_M_R,AMAZON_EXTENSION_2024_GLC_FCS30D_2022_24MXU_M_R,AMAZON_EXTENSION_2024_MapBiomas_Collection10_2024_24MXU_M_R",117
"AMAZON_EXTENSION_2024_DynamicWorld_2024_24MXU_M_R,AMAZON_EXTENSION_2024_MapBiomas_10mbeta_2023_24MXU_M_R,AMAZON_EXTENSION_2024_WorldCover_2021_24MXU_M_R",111
"AMAZON_EXTENSION_2024_DynamicWorld_2024_24MXU_M_R,AMAZON_EXTENSION_2024_ESRI_Annual_LULC_2024_24MXU_M_R,AMAZON_EXTENSION_2024_GWL_FCS30D_2022_24MXU_M_R,AMAZON_EXTENSION_2024_MapBiomas_Collection10_2024_24MXU_M_R,AMAZON_EXTENSION_2024_WorldCover_2021_24MXU_M_R",98
"AMAZON_EXTENSION_2024_ESRI_Annual_LULC_2024_24MXU_M_R,AMAZON_EXTENSION_2024_GLC_FCS30D_2022_24MXU_M_R,AMAZON_EXTENSION_2024_WorldCover_2021_24MXU_M_R",96
"AMAZON_EXTENSION_2024_DynamicWorld_2024_24MXU_M_R,AMAZON_EXTENSION_2024_MapBiomas_10mbeta_2023_24MXU_M_R,AMAZON_EXTENSION_2024_MapBiomas_Collection10_2024_24MXU_M_R",96
"AMAZON_EXTENSION_2024_ESRI_Annual_LULC_2024_24MXU_M_R,AMAZON_EXTENSION_2024_GLC_FCS30D_2022_24MXU_M_R,AMAZON_EXTENSION_2024_GSW_Yearly_2021_24MXU_M_R,AMAZON_EXTENSION_2024_GWL_FCS30D_2022_24MXU_M_R,AMAZON_EXTENSION_2024_MapBiomas_10mbeta_2023_24MXU_M_R,AMAZON_EXTENSION_2024_MapBiomas_Collection10_2024_24MXU_M_R,AMAZON_EXTENSION_2024_WorldCover_2021_24MXU_M_R",93
"AMAZON_EXTENSION_2024_DynamicWorld_2024_24MXU_M_R,AMAZON_EXTENSION_2024_MapBiomas_Collection10_2024_24MXU_M_R,AMAZON_EXTENSION_2024_WorldCover_2021_24MXU_M_R",92
"AMAZON_EXTENSION_2024_GLC_FCS30D_2022_24MXU_M_R,AMAZON_EXTENSION_2024_GSW_Yearly_2021_24MXU_M_R,AMAZON_EXTENSION_2024_MapBiomas_10mbeta_2023_24MXU_M_R,AMAZON_EXTENSION_2024_WorldCover_2021_24MXU_M_R",91
"AMAZON_EXTENSION_2024_DynamicWorld_2024_24MXU_M_R,AMAZON_EXTENSION_2024_ESRI_Annual_LULC_2024_24MXU_M_R,AMAZON_EXTENSION_2024_MapBiomas_10mbeta_2023_24MXU_M_R,AMAZON_EXTENSION_2024_MapBiomas_Collection10_2024_24MXU_M_R",89
"AMAZON_EXTENSION_2024_DynamicWorld_2024_24MXU_M_R,AMAZON_EXTENSION_2024_ESRI_Annual_LULC_2024_24MXU_M_R,AMAZON_EXTENSION_2024_GWL_FCS30D_2022_24MXU_M_R,AMAZON_EXTENSION_2024_MapBiomas_10mbeta_2023_24MXU_M_R,AMAZON_EXTENSION_2024_WorldCover_2021_24MXU_M_R",87
"AMAZON_EXTENSION_2024_ESRI_Annual_LULC_2024_24MXU_M_R,AMAZON_EXTENSION_2024_GLC_FCS30D_2022_24MXU_M_R,AMAZON_EXTENSION_2024_MapBiomas_10mbeta_2023_24MXU_M_R",87
"AMAZON_EXTENSION_2024_DynamicWorld_2024_24MXU_M_R,AMAZON_EXTENSION_2024_GLC_FCS30D_2022_24MXU_M_R,AMAZON_EXTENSION_2024_GSW_Yearly_2021_24MXU_M_R,AMAZON_EXTENSION_2024_GWL_FCS30D_2022_24MXU_M_R,AMAZON_EXTENSION_2024_WorldCover_2021_24MXU_M_R",87
"AMAZON_EXTENSION_2024_DynamicWorld_2024_24MXU_M_R,AMAZON_EXTENSION_2024_ESRI_Annual_LULC_2024_24MXU_M_R,AMAZON_EXTENSION_2024_GLC_FCS30D_2022_24MXU_M_R,AMAZON_EXTENSION_2024_GSW_Yearly_2021_24MXU_M_R,AMAZON_EXTENSION_2024_MapBiomas_10mbeta_2023_24MXU_M_R,AMAZON_EXTENSION_2024_MapBiomas_Collection10_2024_24MXU_M_R",85
"AMAZON_EXTENSION_2024_DynamicWorld_2024_24MXU_M_R,AMAZON_EXTENSION_2024_ESRI_Annual_LULC_2024_24MXU_M_R,AMAZON_EXTENSION_2024_GLC_FCS30D_2022_24MXU_M_R,AMAZON_EXTENSION_2024_GSW_Yearly_2021_24MXU_M_R,AMAZON_EXTENSION_2024_WorldCover_2021_24MXU_M_R",85
"AMAZON_EXTENSION_2024_DynamicWorld_2024_24MXU_M_R,AMAZON_EXTENSION_2024_ESRI_Annual_LULC_2024_24MXU_M_R,AMAZON_EXTENSION_2024_GSW_Yearly_2021_24MXU_M_R,AMAZON_EXTENSION_2024_GWL_FCS30D_2022_24MXU_M_R,AMAZON_EXTENSION_2024_MapBiomas_10mbeta_2023_24MXU_M_R,AMAZON_EXTENSION_2024_MapBiomas_Collection10_2024_24MXU_M_R,AMAZON_EXTENSION_2024_WorldCover_2021_24MXU_M_R",81
"AMAZON_EXTENSION_2024_DynamicWorld_2024_24MXU_M_R,AMAZON_EXTENSION_2024_ESRI_Annual_LULC_2024_24MXU_M_R,AMAZON_EXTENSION_2024_GLC_FCS30D_2022_24MXU_M_R,AMAZON_EXTENSION_2024_GWL_FCS30D_2022_24MXU_M_R,AMAZON_EXTENSION_2024_MapBiomas_Collection10_2024_24MXU_M_R",79
"AMAZON_EXTENSION_2024_GLC_FCS30D_2022_24MXU_M_R,AMAZON_EXTENSION_2024_GWL_FCS30D_2022_24MXU_M_R,AMAZON_EXTENSION_2024_MapBiomas_10mbeta_2023_24MXU_M_R,AMAZON_EXTENSION_2024_WorldCover_2021_24MXU_M_R",76
"AMAZON_EXTENSION_2024_DynamicWorld_2024_24MXU_M_R,AMAZON_EXTENSION_2024_GLC_FCS30D_2022_24MXU_M_R,AMAZON_EXTENSION_2024_GSW_Yearly_2021_24MXU_M_R,AMAZON_EXTENSION_2024_WorldCover_2021_24MXU_M_R",76
"AMAZON_EXTENSION_2024_DynamicWorld_2024_24MXU_M_R,AMAZON_EXTENSION_2024_GLC_FCS30D_2022_24MXU_M_R,AMAZON_EXTENSION_2024_GSW_Yearly_2021_24MXU_M_R,AMAZON_EXTENSION_2024_MapBiomas_10mbeta_2023_24MXU_M_R,AMAZON_EXTENSION_2024_MapBiomas_Collection10_2024_24MXU_M_R",73
"AMAZON_EXTENSION_2024_GLC_FCS30D_2022_24MXU_M_R,AMAZON_EXTENSION_2024_GSW_Yearly_2021_24MXU_M_R,AMAZON_EXTENSION_2024_MapBiomas_Collection10_2024_24MXU_M_R,AMAZON_EXTENSION_2024_WorldCover_2021_24MXU_M_R",71
"AMAZON_EXTENSION_2024_DynamicWorld_2024_24MXU_M_R,AMAZON_EXTENSION_2024_ESRI_Annual_LULC_2024_24MXU_M_R,AMAZON_EXTENSION_2024_GLC_FCS30D_2022_24MXU_M_R,AMAZON_EXTENSION_2024_GWL_FCS30D_2022_24MXU_M_R,AMAZON_EXTENSION_2024_MapBiomas_10mbeta_2023_24MXU_M_R",67
"AMAZON_EXTENSION_2024_GLC_FCS30D_2022_24MXU_M_R,AMAZON_EXTENSION_2024_GWL_FCS30D_2022_24MXU_M_R,AMAZON_EXTENSION_2024_MapBiomas_Collection10_2024_24MXU_M_R,AMAZON_EXTENSION_2024_WorldCover_2021_24MXU_M_R",66
"AMAZON_EXTENSION_2024_DynamicWorld_2024_24MXU_M_R,AMAZON_EXTENSION_2024_ESRI_Annual_LULC_2024_24MXU_M_R,AMAZON_EXTENSION_2024_GLC_FCS30D_2022_24MXU_M_R,AMAZON_EXTENSION_2024_GSW_Yearly_2021_24MXU_M_R,AMAZON_EXTENSION_2024_GWL_FCS30D_2022_24MXU_M_R,AMAZON_EXTENSION_2024_MapBiomas_10mbeta_2023_24MXU_M_R,AMAZON_EXTENSION_2024_MapBiomas_Collection10_2024_24MXU_M_R",63
"AMAZON_EXTENSION_2024_DynamicWorld_2024_24MXU_M_R,AMAZON_EXTENSION_2024_GSW_Yearly_2021_24MXU_M_R,AMAZON_EXTENSION_2024_GWL_FCS30D_2022_24MXU_M_R,AMAZON_EXTENSION_2024_MapBiomas_10mbeta_2023_24MXU_M_R,AMAZON_EXTENSION_2024_MapBiomas_Collection10_2024_24MXU_M_R,AMAZON_EXTENSION_2024_WorldCover_2021_24MXU_M_R",62
"AMAZON_EXTENSION_2024_DynamicWorld_2024_24MXU_M_R,AMAZON_EXTENSION_2024_ESRI_Annual_LULC_2024_24MXU_M_R,AMAZON_EXTENSION_2024_GLC_FCS30D_2022_24MXU_M_R",62
"AMAZON_EXTENSION_2024_ESRI_Annual_LULC_2024_24MXU_M_R,AMAZON_EXTENSION_2024_MapBiomas_10mbeta_2023_24MXU_M_R,AMAZON_EXTENSION_2024_WorldCover_2021_24MXU_M_R",61
"AMAZON_EXTENSION_2024_GSW_Yearly_2021_24MXU_M_R,AMAZON_EXTENSION_2024_MapBiomas_10mbeta_2023_24MXU_M_R,AMAZON_EXTENSION_2024_MapBiomas_Collection10_2024_24MXU_M_R,AMAZON_EXTENSION_2024_WorldCover_2021_24MXU_M_R",61
"AMAZON_EXTENSION_2024_DynamicWorld_2024_24MXU_M_R,AMAZON_EXTENSION_2024_GWL_FCS30D_2022_24MXU_M_R,AMAZON_EXTENSION_2024_MapBiomas_10mbeta_2023_24MXU_M_R,AMAZON_EXTENSION_2024_WorldCover_2021_24MXU_M_R",60
"AMAZON_EXTENSION_2024_ESRI_Annual_LULC_2024_24MXU_M_R,AMAZON_EXTENSION_2024_GLC_FCS30D_2022_24MXU_M_R,AMAZON_EXTENSION_2024_MapBiomas_Collection10_2024_24MXU_M_R",60
"AMAZON_EXTENSION_2024_GLC_FCS30D_2022_24MXU_M_R,AMAZON_EXTENSION_2024_GSW_Yearly_2021_24MXU_M_R,AMAZON_EXTENSION_2024_GWL_FCS30D_2022_24MXU_M_R,AMAZON_EXTENSION_2024_MapBiomas_10mbeta_2023_24MXU_M_R,AMAZON_EXTENSION_2024_WorldCover_2021_24MXU_M_R",59
"AMAZON_EXTENSION_2024_ESRI_Annual_LULC_2024_24MXU_M_R,AMAZON_EXTENSION_2024_GLC_FCS30D_2022_24MXU_M_R,AMAZON_EXTENSION_2024_GWL_FCS30D_2022_24MXU_M_R,AMAZON_EXTENSION_2024_MapBiomas_10mbeta_2023_24MXU_M_R,AMAZON_EXTENSION_2024_WorldCover_2021_24MXU_M_R",58
"AMAZON_EXTENSION_2024_ESRI_Annual_LULC_2024_24MXU_M_R,AMAZON_EXTENSION_2024_GLC_FCS30D_2022_24MXU_M_R,AMAZON_EXTENSION_2024_GSW_Yearly_2021_24MXU_M_R,AMAZON_EXTENSION_2024_MapBiomas_10mbeta_2023_24MXU_M_R,AMAZON_EXTENSION_2024_WorldCover_2021_24MXU_M_R",58
"AMAZON_EXTENSION_2024_DynamicWorld_2024_24MXU_M_R,AMAZON_EXTENSION_2024_GWL_FCS30D_2022_24MXU_M_R,AMAZON_EXTENSION_2024_MapBiomas_Collection10_2024_24MXU_M_R,AMAZON_EXTENSION_2024_WorldCover_2021_24MXU_M_R",57
"AMAZON_EXTENSION_2024_DynamicWorld_2024_24MXU_M_R,AMAZON_EXTENSION_2024_GLC_FCS30D_2022_24MXU_M_R,AMAZON_EXTENSION_2024_GWL_FCS30D_2022_24MXU_M_R,AMAZON_EXTENSION_2024_MapBiomas_10mbeta_2023_24MXU_M_R",55
"AMAZON_EXTENSION_2024_ESRI_Annual_LULC_2024_24MXU_M_R,AMAZON_EXTENSION_2024_MapBiomas_10mbeta_2023_24MXU_M_R,AMAZON_EXTENSION_2024_MapBiomas_Collection10_2024_24MXU_M_R",52
"AMAZON_EXTENSION_2024_DynamicWorld_2024_24MXU_M_R,AMAZON_EXTENSION_2024_ESRI_Annual_LULC_2024_24MXU_M_R,AMAZON_EXTENSION_2024_GSW_Yearly_2021_24MXU_M_R,AMAZON_EXTENSION_2024_MapBiomas_10mbeta_2023_24MXU_M_R,AMAZON_EXTENSION_2024_WorldCover_2021_24MXU_M_R",52
"AMAZON_EXTENSION_2024_DynamicWorld_2024_24MXU_M_R,AMAZON_EXTENSION_2024_GLC_FCS30D_2022_24MXU_M_R,AMAZON_EXTENSION_2024_GWL_FCS30D_2022_24MXU_M_R,AMAZON_EXTENSION_2024_MapBiomas_Collection10_2024_24MXU_M_R",52
"AMAZON_EXTENSION_2024_DynamicWorld_2024_24MXU_M_R,AMAZON_EXTENSION_2024_GSW_Yearly_2021_24MXU_M_R,AMAZON_EXTENSION_2024_MapBiomas_10mbeta_2023_24MXU_M_R,AMAZON_EXTENSION_2024_WorldCover_2021_24MXU_M_R",52
"AMAZON_EXTENSION_2024_GLC_FCS30D_2022_24MXU_M_R,AMAZON_EXTENSION_2024_GSW_Yearly_2021_24MXU_M_R,AMAZON_EXTENSION_2024_GWL_FCS30D_2022_24MXU_M_R,AMAZON_EXTENSION_2024_MapBiomas_Collection10_2024_24MXU_M_R,AMAZON_EXTENSION_2024_WorldCover_2021_24MXU_M_R",51
"AMAZON_EXTENSION_2024_DynamicWorld_2024_24MXU_M_R,AMAZON_EXTENSION_2024_GLC_FCS30D_2022_24MXU_M_R,AMAZON_EXTENSION_2024_GSW_Yearly_2021_24MXU_M_R,AMAZON_EXTENSION_2024_GWL_FCS30D_2022_24MXU_M_R,AMAZON_EXTENSION_2024_MapBiomas_10mbeta_2023_24MXU_M_R,AMAZON_EXTENSION_2024_MapBiomas_Collection10_2024_24MXU_M_R",50
"AMAZON_EXTENSION_2024_DynamicWorld_2024_24MXU_M_R,AMAZON_EXTENSION_2024_ESRI_Annual_LULC_2024_24MXU_M_R,AMAZON_EXTENSION_2024_WorldCover_2021_24MXU_M_R",49
"AMAZON_EXTENSION_2024_ESRI_Annual_LULC_2024_24MXU_M_R,AMAZON_EXTENSION_2024_MapBiomas_Collection10_2024_24MXU_M_R,AMAZON_EXTENSION_2024_WorldCover_2021_24MXU_M_R",47
"AMAZON_EXTENSION_2024_GLC_FCS30D_2022_24MXU_M_R,AMAZON_EXTENSION_2024_GSW_Yearly_2021_24MXU_M_R,AMAZON_EXTENSION_2024_MapBiomas_10mbeta_2023_24MXU_M_R,AMAZON_EXTENSION_2024_MapBiomas_Collection10_2024_24MXU_M_R",46
"AMAZON_EXTENSION_2024_DynamicWorld_2024_24MXU_M_R,AMAZON_EXTENSION_2024_GSW_Yearly_2021_24MXU_M_R,AMAZON_EXTENSION_2024_MapBiomas_Collection10_2024_24MXU_M_R,AMAZON_EXTENSION_2024_WorldCover_2021_24MXU_M_R",45
"AMAZON_EXTENSION_2024_DynamicWorld_2024_24MXU_M_R,AMAZON_EXTENSION_2024_ESRI_Annual_LULC_2024_24MXU_M_R,AMAZON_EXTENSION_2024_GSW_Yearly_2021_24MXU_M_R,AMAZON_EXTENSION_2024_MapBiomas_Collection10_2024_24MXU_M_R,AMAZON_EXTENSION_2024_WorldCover_2021_24MXU_M_R",44
"AMAZON_EXTENSION_2024_ESRI_Annual_LULC_2024_24MXU_M_R,AMAZON_EXTENSION_2024_GLC_FCS30D_2022_24MXU_M_R,AMAZON_EXTENSION_2024_GWL_FCS30D_2022_24MXU_M_R,AMAZON_EXTENSION_2024_MapBiomas_Collection10_2024_24MXU_M_R,AMAZON_EXTENSION_2024_WorldCover_2021_24MXU_M_R",44
"AMAZON_EXTENSION_2024_GLC_FCS30D_2022_24MXU_M_R,AMAZON_EXTENSION_2024_WorldCover_2021_24MXU_M_R",43
"AMAZON_EXTENSION_2024_ESRI_Annual_LULC_2024_24MXU_M_R,AMAZON_EXTENSION_2024_GLC_FCS30D_2022_24MXU_M_R,AMAZON_EXTENSION_2024_GSW_Yearly_2021_24MXU_M_R,AMAZON_EXTENSION_2024_GWL_FCS30D_2022_24MXU_M_R,AMAZON_EXTENSION_2024_MapBiomas_10mbeta_2023_24MXU_M_R,AMAZON_EXTENSION_2024_WorldCover_2021_24MXU_M_R",43
"AMAZON_EXTENSION_2024_DynamicWorld_2024_24MXU_M_R,AMAZON_EXTENSION_2024_ESRI_Annual_LULC_2024_24MXU_M_R,AMAZON_EXTENSION_2024_GWL_FCS30D_2022_24MXU_M_R,AMAZON_EXTENSION_2024_WorldCover_2021_24MXU_M_R",41
"AMAZON_EXTENSION_2024_ESRI_Annual_LULC_2024_24MXU_M_R,AMAZON_EXTENSION_2024_GLC_FCS30D_2022_24MXU_M_R,AMAZON_EXTENSION_2024_GSW_Yearly_2021_24MXU_M_R,AMAZON_EXTENSION_2024_MapBiomas_Collection10_2024_24MXU_M_R,AMAZON_EXTENSION_2024_WorldCover_2021_24MXU_M_R",41
"AMAZON_EXTENSION_2024_DynamicWorld_2024_24MXU_M_R,AMAZON_EXTENSION_2024_ESRI_Annual_LULC_2024_24MXU_M_R,AMAZON_EXTENSION_2024_MapBiomas_10mbeta_2023_24MXU_M_R",40
"AMAZON_EXTENSION_2024_DynamicWorld_2024_24MXU_M_R,AMAZON_EXTENSION_2024_ESRI_Annual_LULC_2024_24MXU_M_R,AMAZON_EXTENSION_2024_GWL_FCS30D_2022_24MXU_M_R,AMAZON_EXTENSION_2024_MapBiomas_10mbeta_2023_24MXU_M_R,AMAZON_EXTENSION_2024_MapBiomas_Collection10_2024_24MXU_M_R",39
"AMAZON_EXTENSION_2024_GLC_FCS30D_2022_24MXU_M_R,AMAZON_EXTENSION_2024_MapBiomas_Collection10_2024_24MXU_M_R",37
"AMAZON_EXTENSION_2024_GLC_FCS30D_2022_24MXU_M_R,AMAZON_EXTENSION_2024_MapBiomas_10mbeta_2023_24MXU_M_R",37
"AMAZON_EXTENSION_2024_MapBiomas_10mbeta_2023_24MXU_M_R,AMAZON_EXTENSION_2024_WorldCover_2021_24MXU_M_R",35
"AMAZON_EXTENSION_2024_DynamicWorld_2024_24MXU_M_R,AMAZON_EXTENSION_2024_ESRI_Annual_LULC_2024_24MXU_M_R,AMAZON_EXTENSION_2024_GLC_FCS30D_2022_24MXU_M_R,AMAZON_EXTENSION_2024_GWL_FCS30D_2022_24MXU_M_R",33
"AMAZON_EXTENSION_2024_DynamicWorld_2024_24MXU_M_R,AMAZON_EXTENSION_2024_GLC_FCS30D_2022_24MXU_M_R",31
"AMAZON_EXTENSION_2024_MapBiomas_Collection10_2024_24MXU_M_R,AMAZON_EXTENSION_2024_WorldCover_2021_24MXU_M_R",31
"AMAZON_EXTENSION_2024_MapBiomas_10mbeta_2023_24MXU_M_R,AMAZON_EXTENSION_2024_MapBiomas_Collection10_2024_24MXU_M_R",31
"AMAZON_EXTENSION_2024_DynamicWorld_2024_24MXU_M_R,AMAZON_EXTENSION_2024_ESRI_Annual_LULC_2024_24MXU_M_R,AMAZON_EXTENSION_2024_GSW_Yearly_2021_24MXU_M_R,AMAZON_EXTENSION_2024_GWL_FCS30D_2022_24MXU_M_R,AMAZON_EXTENSION_2024_MapBiomas_Collection10_2024_24MXU_M_R,AMAZON_EXTENSION_2024_WorldCover_2021_24MXU_M_R",31
"AMAZON_EXTENSION_2024_DynamicWorld_2024_24MXU_M_R,AMAZON_EXTENSION_2024_ESRI_Annual_LULC_2024_24MXU_M_R,AMAZON_EXTENSION_2024_GLC_FCS30D_2022_24MXU_M_R,AMAZON_EXTENSION_2024_GSW_Yearly_2021_24MXU_M_R,AMAZON_EXTENSION_2024_MapBiomas_10mbeta_2023_24MXU_M_R",28
"AMAZON_EXTENSION_2024_DynamicWorld_2024_24MXU_M_R,AMAZON_EXTENSION_2024_ESRI_Annual_LULC_2024_24MXU_M_R,AMAZON_EXTENSION_2024_MapBiomas_Collection10_2024_24MXU_M_R",27
"AMAZON_EXTENSION_2024_GLC_FCS30D_2022_24MXU_M_R,AMAZON_EXTENSION_2024_GWL_FCS30D_2022_24MXU_M_R,AMAZON_EXTENSION_2024_MapBiomas_10mbeta_2023_24MXU_M_R,AMAZON_EXTENSION_2024_MapBiomas_Collection10_2024_24MXU_M_R",27
"AMAZON_EXTENSION_2024_ESRI_Annual_LULC_2024_24MXU_M_R,AMAZON_EXTENSION_2024_GLC_FCS30D_2022_24MXU_M_R,AMAZON_EXTENSION_2024_GSW_Yearly_2021_24MXU_M_R,AMAZON_EXTENSION_2024_GWL_FCS30D_2022_24MXU_M_R,AMAZON_EXTENSION_2024_MapBiomas_Collection10_2024_24MXU_M_R,AMAZON_EXTENSION_2024_WorldCover_2021_24MXU_M_R",25
"AMAZON_EXTENSION_2024_ESRI_Annual_LULC_2024_24MXU_M_R,AMAZON_EXTENSION_2024_GLC_FCS30D_2022_24MXU_M_R,AMAZON_EXTENSION_2024_GWL_FCS30D_2022_24MXU_M_R,AMAZON_EXTENSION_2024_WorldCover_2021_24MXU_M_R",25
"AMAZON_EXTENSION_2024_DynamicWorld_2024_24MXU_M_R,AMAZON_EXTENSION_2024_WorldCover_2021_24MXU_M_R",25
"AMAZON_EXTENSION_2024_ESRI_Annual_LULC_2024_24MXU_M_R,AMAZON_EXTENSION_2024_GSW_Yearly_2021_24MXU_M_R,AMAZON_EXTENSION_2024_MapBiomas_10mbeta_2023_24MXU_M_R,AMAZON_EXTENSION_2024_MapBiomas_Collection10_2024_24MXU_M_R,AMAZON_EXTENSION_2024_WorldCover_2021_24MXU_M_R",25
"AMAZON_EXTENSION_2024_DynamicWorld_2024_24MXU_M_R,AMAZON_EXTENSION_2024_GLC_FCS30D_2022_24MXU_M_R,AMAZON_EXTENSION_2024_GSW_Yearly_2021_24MXU_M_R,AMAZON_EXTENSION_2024_MapBiomas_Collection10_2024_24MXU_M_R",25
"AMAZON_EXTENSION_2024_DynamicWorld_2024_24MXU_M_R,AMAZON_EXTENSION_2024_ESRI_Annual_LULC_2024_24MXU_M_R,AMAZON_EXTENSION_2024_GLC_FCS30D_2022_24MXU_M_R,AMAZON_EXTENSION_2024_GSW_Yearly_2021_24MXU_M_R,AMAZON_EXTENSION_2024_MapBiomas_Collection10_2024_24MXU_M_R",24
"AMAZON_EXTENSION_2024_GSW_Yearly_2021_24MXU_M_R,AMAZON_EXTENSION_2024_MapBiomas_10mbeta_2023_24MXU_M_R,AMAZON_EXTENSION_2024_WorldCover_2021_24MXU_M_R",23
"AMAZON_EXTENSION_2024_DynamicWorld_2024_24MXU_M_R,AMAZON_EXTENSION_2024_GSW_Yearly_2021_24MXU_M_R,AMAZON_EXTENSION_2024_GWL_FCS30D_2022_24MXU_M_R,AMAZON_EXTENSION_2024_MapBiomas_Collection10_2024_24MXU_M_R,AMAZON_EXTENSION_2024_WorldCover_2021_24MXU_M_R",23
"AMAZON_EXTENSION_2024_GLC_FCS30D_2022_24MXU_M_R,AMAZON_EXTENSION_2024_GSW_Yearly_2021_24MXU_M_R,AMAZON_EXTENSION_2024_WorldCover_2021_24MXU_M_R",23
"AMAZON_EXTENSION_2024_DynamicWorld_2024_24MXU_M_R,AMAZON_EXTENSION_2024_GSW_Yearly_2021_24MXU_M_R,AMAZON_EXTENSION_2024_GWL_FCS30D_2022_24MXU_M_R,AMAZON_EXTENSION_2024_MapBiomas_10mbeta_2023_24MXU_M_R,AMAZON_EXTENSION_2024_WorldCover_2021_24MXU_M_R",22
"AMAZON_EXTENSION_2024_DynamicWorld_2024_24MXU_M_R,AMAZON_EXTENSION_2024_GWL_FCS30D_2022_24MXU_M_R,AMAZON_EXTENSION_2024_MapBiomas_10mbeta_2023_24MXU_M_R,AMAZON_EXTENSION_2024_MapBiomas_Collection10_2024_24MXU_M_R",22
"AMAZON_EXTENSION_2024_ESRI_Annual_LULC_2024_24MXU_M_R,AMAZON_EXTENSION_2024_GLC_FCS30D_2022_24MXU_M_R,AMAZON_EXTENSION_2024_GWL_FCS30D_2022_24MXU_M_R,AMAZON_EXTENSION_2024_MapBiomas_10mbeta_2023_24MXU_M_R,AMAZON_EXTENSION_2024_MapBiomas_Collection10_2024_24MXU_M_R",21
"AMAZON_EXTENSION_2024_DynamicWorld_2024_24MXU_M_R,AMAZON_EXTENSION_2024_MapBiomas_Collection10_2024_24MXU_M_R",21
"AMAZON_EXTENSION_2024_DynamicWorld_2024_24MXU_M_R,AMAZON_EXTENSION_2024_MapBiomas_10mbeta_2023_24MXU_M_R",21
"AMAZON_EXTENSION_2024_DynamicWorld_2024_24MXU_M_R,AMAZON_EXTENSION_2024_GLC_FCS30D_2022_24MXU_M_R,AMAZON_EXTENSION_2024_GSW_Yearly_2021_24MXU_M_R,AMAZON_EXTENSION_2024_MapBiomas_10mbeta_2023_24MXU_M_R",21
"AMAZON_EXTENSION_2024_ESRI_Annual_LULC_2024_24MXU_M_R,AMAZON_EXTENSION_2024_GLC_FCS30D_2022_24MXU_M_R,AMAZON_EXTENSION_2024_GSW_Yearly_2021_24MXU_M_R,AMAZON_EXTENSION_2024_WorldCover_2021_24MXU_M_R",20
"AMAZON_EXTENSION_2024_GLC_FCS30D_2022_24MXU_M_R,AMAZON_EXTENSION_2024_GWL_FCS30D_2022_24MXU_M_R,AMAZON_EXTENSION_2024_WorldCover_2021_24MXU_M_R",20
"AMAZON_EXTENSION_2024_DynamicWorld_2024_24MXU_M_R,AMAZON_EXTENSION_2024_GSW_Yearly_2021_24MXU_M_R,AMAZON_EXTENSION_2024_MapBiomas_10mbeta_2023_24MXU_M_R,AMAZON_EXTENSION_2024_MapBiomas_Collection10_2024_24MXU_M_R",19
"AMAZON_EXTENSION_2024_DynamicWorld_2024_24MXU_M_R,AMAZON_EXTENSION_2024_GWL_FCS30D_2022_24MXU_M_R,AMAZON_EXTENSION_2024_WorldCover_2021_24MXU_M_R",18
"AMAZON_EXTENSION_2024_DynamicWorld_2024_24MXU_M_R,AMAZON_EXTENSION_2024_ESRI_Annual_LULC_2024_24MXU_M_R,AMAZON_EXTENSION_2024_GSW_Yearly_2021_24MXU_M_R,AMAZON_EXTENSION_2024_GWL_FCS30D_2022_24MXU_M_R,AMAZON_EXTENSION_2024_MapBiomas_10mbeta_2023_24MXU_M_R,AMAZON_EXTENSION_2024_WorldCover_2021_24MXU_M_R",18
"AMAZON_EXTENSION_2024_GWL_FCS30D_2022_24MXU_M_R,AMAZON_EXTENSION_2024_MapBiomas_10mbeta_2023_24MXU_M_R,AMAZON_EXTENSION_2024_MapBiomas_Collection10_2024_24MXU_M_R,AMAZON_EXTENSION_2024_WorldCover_2021_24MXU_M_R",18
"AMAZON_EXTENSION_2024_ESRI_Annual_LULC_2024_24MXU_M_R,AMAZON_EXTENSION_2024_GLC_FCS30D_2022_24MXU_M_R",18
"AMAZON_EXTENSION_2024_ESRI_Annual_LULC_2024_24MXU_M_R,AMAZON_EXTENSION_2024_WorldCover_2021_24MXU_M_R",17
"AMAZON_EXTENSION_2024_GSW_Yearly_2021_24MXU_M_R,AMAZON_EXTENSION_2024_MapBiomas_Collection10_2024_24MXU_M_R,AMAZON_EXTENSION_2024_WorldCover_2021_24MXU_M_R",17
"AMAZON_EXTENSION_2024_GLC_FCS30D_2022_24MXU_M_R,AMAZON_EXTENSION_2024_GSW_Yearly_2021_24MXU_M_R,AMAZON_EXTENSION_2024_GWL_FCS30D_2022_24MXU_M_R,AMAZON_EXTENSION_2024_WorldCover_2021_24MXU_M_R",17
"AMAZON_EXTENSION_2024_DynamicWorld_2024_24MXU_M_R,AMAZON_EXTENSION_2024_ESRI_Annual_LULC_2024_24MXU_M_R,AMAZON_EXTENSION_2024_GSW_Yearly_2021_24MXU_M_R,AMAZON_EXTENSION_2024_WorldCover_2021_24MXU_M_R",17
"AMAZON_EXTENSION_2024_ESRI_Annual_LULC_2024_24MXU_M_R,AMAZON_EXTENSION_2024_MapBiomas_10mbeta_2023_24MXU_M_R",16
"AMAZON_EXTENSION_2024_GLC_FCS30D_2022_24MXU_M_R,AMAZON_EXTENSION_2024_GSW_Yearly_2021_24MXU_M_R,AMAZON_EXTENSION_2024_GWL_FCS30D_2022_24MXU_M_R,AMAZON_EXTENSION_2024_MapBiomas_10mbeta_2023_24MXU_M_R,AMAZON_EXTENSION_2024_MapBiomas_Collection10_2024_24MXU_M_R",16
"AMAZON_EXTENSION_2024_ESRI_Annual_LULC_2024_24MXU_M_R,AMAZON_EXTENSION_2024_GLC_FCS30D_2022_24MXU_M_R,AMAZON_EXTENSION_2024_GSW_Yearly_2021_24MXU_M_R,AMAZON_EXTENSION_2024_GWL_FCS30D_2022_24MXU_M_R,AMAZON_EXTENSION_2024_WorldCover_2021_24MXU_M_R",16
"AMAZON_EXTENSION_2024_DynamicWorld_2024_24MXU_M_R,AMAZON_EXTENSION_2024_GSW_Yearly_2021_24MXU_M_R,AMAZON_EXTENSION_2024_WorldCover_2021_24MXU_M_R",16
"AMAZON_EXTENSION_2024_GLC_FCS30D_2022_24MXU_M_R,AMAZON_EXTENSION_2024_GSW_Yearly_2021_24MXU_M_R,AMAZON_EXTENSION_2024_MapBiomas_Collection10_2024_24MXU_M_R",16
"AMAZON_EXTENSION_2024_DynamicWorld_2024_24MXU_M_R,AMAZON_EXTENSION_2024_GLC_FCS30D_2022_24MXU_M_R,AMAZON_EXTENSION_2024_GSW_Yearly_2021_24MXU_M_R,AMAZON_EXTENSION_2024_GWL_FCS30D_2022_24MXU_M_R,AMAZON_EXTENSION_2024_MapBiomas_Collection10_2024_24MXU_M_R",16
"AMAZON_EXTENSION_2024_DynamicWorld_2024_24MXU_M_R,AMAZON_EXTENSION_2024_ESRI_Annual_LULC_2024_24MXU_M_R,AMAZON_EXTENSION_2024_GWL_FCS30D_2022_24MXU_M_R,AMAZON_EXTENSION_2024_MapBiomas_Collection10_2024_24MXU_M_R",16
"AMAZON_EXTENSION_2024_DynamicWorld_2024_24MXU_M_R,AMAZON_EXTENSION_2024_GLC_FCS30D_2022_24MXU_M_R,AMAZON_EXTENSION_2024_GSW_Yearly_2021_24MXU_M_R,AMAZON_EXTENSION_2024_GWL_FCS30D_2022_24MXU_M_R,AMAZON_EXTENSION_2024_MapBiomas_10mbeta_2023_24MXU_M_R",15
"AMAZON_EXTENSION_2024_DynamicWorld_2024_24MXU_M_R,AMAZON_EXTENSION_2024_ESRI_Annual_LULC_2024_24MXU_M_R,AMAZON_EXTENSION_2024_GSW_Yearly_2021_24MXU_M_R,AMAZON_EXTENSION_2024_MapBiomas_10mbeta_2023_24MXU_M_R,AMAZON_EXTENSION_2024_MapBiomas_Collection10_2024_24MXU_M_R",15
"AMAZON_EXTENSION_2024_DynamicWorld_2024_24MXU_M_R,AMAZON_EXTENSION_2024_GLC_FCS30D_2022_24MXU_M_R,AMAZON_EXTENSION_2024_GWL_FCS30D_2022_24MXU_M_R",15
"AMAZON_EXTENSION_2024_GLC_FCS30D_2022_24MXU_M_R,AMAZON_EXTENSION_2024_GSW_Yearly_2021_24MXU_M_R,AMAZON_EXTENSION_2024_MapBiomas_10mbeta_2023_24MXU_M_R",14
"AMAZON_EXTENSION_2024_DynamicWorld_2024_24MXU_M_R,AMAZON_EXTENSION_2024_GLC_FCS30D_2022_24MXU_M_R,AMAZON_EXTENSION_2024_GSW_Yearly_2021_24MXU_M_R",13
"AMAZON_EXTENSION_2024_GSW_Yearly_2021_24MXU_M_R,AMAZON_EXTENSION_2024_MapBiomas_10mbeta_2023_24MXU_M_R,AMAZON_EXTENSION_2024_MapBiomas_Collection10_2024_24MXU_M_R",12
"AMAZON_EXTENSION_2024_ESRI_Annual_LULC_2024_24MXU_M_R,AMAZON_EXTENSION_2024_GLC_FCS30D_2022_24MXU_M_R,AMAZON_EXTENSION_2024_GSW_Yearly_2021_24MXU_M_R,AMAZON_EXTENSION_2024_MapBiomas_10mbeta_2023_24MXU_M_R,AMAZON_EXTENSION_2024_MapBiomas_Collection10_2024_24MXU_M_R",12
"AMAZON_EXTENSION_2024_DynamicWorld_2024_24MXU_M_R,AMAZON_EXTENSION_2024_ESRI_Annual_LULC_2024_24MXU_M_R,AMAZON_EXTENSION_2024_GLC_FCS30D_2022_24MXU_M_R,AMAZON_EXTENSION_2024_GSW_Yearly_2021_24MXU_M_R,AMAZON_EXTENSION_2024_GWL_FCS30D_2022_24MXU_M_R,AMAZON_EXTENSION_2024_MapBiomas_10mbeta_2023_24MXU_M_R",11
"AMAZON_EXTENSION_2024_ESRI_Annual_LULC_2024_24MXU_M_R,AMAZON_EXTENSION_2024_MapBiomas_Collection10_2024_24MXU_M_R",11
"AMAZON_EXTENSION_2024_ESRI_Annual_LULC_2024_24MXU_M_R,AMAZON_EXTENSION_2024_GLC_FCS30D_2022_24MXU_M_R,AMAZON_EXTENSION_2024_GWL_FCS30D_2022_24MXU_M_R,AMAZON_EXTENSION_2024_MapBiomas_Collection10_2024_24MXU_M_R",11
"AMAZON_EXTENSION_2024_ESRI_Annual_LULC_2024_24MXU_M_R,AMAZON_EXTENSION_2024_GLC_FCS30D_2022_24MXU_M_R,AMAZON_EXTENSION_2024_GSW_Yearly_2021_24MXU_M_R,AMAZON_EXTENSION_2024_GWL_FCS30D_2022_24MXU_M_R,AMAZON_EXTENSION_2024_MapBiomas_10mbeta_2023_24MXU_M_R,AMAZON_EXTENSION_2024_MapBiomas_Collection10_2024_24MXU_M_R",10
"AMAZON_EXTENSION_2024_DynamicWorld_2024_24MXU_M_R,AMAZON_EXTENSION_2024_ESRI_Annual_LULC_2024_24MXU_M_R,AMAZON_EXTENSION_2024_GLC_FCS30D_2022_24MXU_M_R,AMAZON_EXTENSION_2024_GSW_Yearly_2021_24MXU_M_R,AMAZON_EXTENSION_2024_GWL_FCS30D_2022_24MXU_M_R,AMAZON_EXTENSION_2024_MapBiomas_Collection10_2024_24MXU_M_R",10
"AMAZON_EXTENSION_2024_DynamicWorld_2024_24MXU_M_R,AMAZON_EXTENSION_2024_ESRI_Annual_LULC_2024_24MXU_M_R,AMAZON_EXTENSION_2024_GLC_FCS30D_2022_24MXU_M_R,AMAZON_EXTENSION_2024_GSW_Yearly_2021_24MXU_M_R",10
"AMAZON_EXTENSION_2024_DynamicWorld_2024_24MXU_M_R,AMAZON_EXTENSION_2024_ESRI_Annual_LULC_2024_24MXU_M_R",10
"AMAZON_EXTENSION_2024_GLC_FCS30D_2022_24MXU_M_R,AMAZON_EXTENSION_2024_GWL_FCS30D_2022_24MXU_M_R,AMAZON_EXTENSION_2024_MapBiomas_10mbeta_2023_24MXU_M_R",10
"AMAZON_EXTENSION_2024_DynamicWorld_2024_24MXU_M_R,AMAZON_EXTENSION_2024_ESRI_Annual_LULC_2024_24MXU_M_R,AMAZON_EXTENSION_2024_GSW_Yearly_2021_24MXU_M_R,AMAZON_EXTENSION_2024_GWL_FCS30D_2022_24MXU_M_R,AMAZON_EXTENSION_2024_WorldCover_2021_24MXU_M_R",10
"AMAZON_EXTENSION_2024_DynamicWorld_2024_24MXU_M_R,AMAZON_EXTENSION_2024_ESRI_Annual_LULC_2024_24MXU_M_R,AMAZON_EXTENSION_2024_GWL_FCS30D_2022_24MXU_M_R,AMAZON_EXTENSION_2024_MapBiomas_10mbeta_2023_24MXU_M_R",9
"AMAZON_EXTENSION_2024_ESRI_Annual_LULC_2024_24MXU_M_R,AMAZON_EXTENSION_2024_GLC_FCS30D_2022_24MXU_M_R,AMAZON_EXTENSION_2024_GWL_FCS30D_2022_24MXU_M_R,AMAZON_EXTENSION_2024_MapBiomas_10mbeta_2023_24MXU_M_R",9
"AMAZON_EXTENSION_2024_ESRI_Annual_LULC_2024_24MXU_M_R,AMAZON_EXTENSION_2024_GSW_Yearly_2021_24MXU_M_R,AMAZON_EXTENSION_2024_MapBiomas_10mbeta_2023_24MXU_M_R,AMAZON_EXTENSION_2024_WorldCover_2021_24MXU_M_R",9
"AMAZON_EXTENSION_2024_GLC_FCS30D_2022_24MXU_M_R,AMAZON_EXTENSION_2024_GWL_FCS30D_2022_24MXU_M_R,AMAZON_EXTENSION_2024_MapBiomas_Collection10_2024_24MXU_M_R",9
"AMAZON_EXTENSION_2024_ESRI_Annual_LULC_2024_24MXU_M_R,AMAZON_EXTENSION_2024_GWL_FCS30D_2022_24MXU_M_R,AMAZON_EXTENSION_2024_MapBiomas_Collection10_2024_24MXU_M_R,AMAZON_EXTENSION_2024_WorldCover_2021_24MXU_M_R",8
"AMAZON_EXTENSION_2024_DynamicWorld_2024_24MXU_M_R,AMAZON_EXTENSION_2024_GSW_Yearly_2021_24MXU_M_R,AMAZON_EXTENSION_2024_GWL_FCS30D_2022_24MXU_M_R,AMAZON_EXTENSION_2024_WorldCover_2021_24MXU_M_R",8
"AMAZON_EXTENSION_2024_DynamicWorld_2024_24MXU_M_R,AMAZON_EXTENSION_2024_GLC_FCS30D_2022_24MXU_M_R,AMAZON_EXTENSION_2024_GSW_Yearly_2021_24MXU_M_R,AMAZON_EXTENSION_2024_GWL_FCS30D_2022_24MXU_M_R",8
"AMAZON_EXTENSION_2024_DynamicWorld_2024_24MXU_M_R,AMAZON_EXTENSION_2024_GWL_FCS30D_2022_24MXU_M_R,AMAZON_EXTENSION_2024_MapBiomas_Collection10_2024_24MXU_M_R",7
"AMAZON_EXTENSION_2024_GWL_FCS30D_2022_24MXU_M_R,AMAZON_EXTENSION_2024_MapBiomas_10mbeta_2023_24MXU_M_R,AMAZON_EXTENSION_2024_WorldCover_2021_24MXU_M_R",7
"AMAZON_EXTENSION_2024_DynamicWorld_2024_24MXU_M_R,AMAZON_EXTENSION_2024_ESRI_Annual_LULC_2024_24MXU_M_R,AMAZON_EXTENSION_2024_GSW_Yearly_2021_24MXU_M_R,AMAZON_EXTENSION_2024_MapBiomas_10mbeta_2023_24MXU_M_R",7
"AMAZON_EXTENSION_2024_DynamicWorld_2024_24MXU_M_R,AMAZON_EXTENSION_2024_ESRI_Annual_LULC_2024_24MXU_M_R,AMAZON_EXTENSION_2024_GWL_FCS30D_2022_24MXU_M_R",7
"AMAZON_EXTENSION_2024_GLC_FCS30D_2022_24MXU_M_R,AMAZON_EXTENSION_2024_GSW_Yearly_2021_24MXU_M_R,AMAZON_EXTENSION_2024_GWL_FCS30D_2022_24MXU_M_R,AMAZON_EXTENSION_2024_MapBiomas_Collection10_2024_24MXU_M_R",6
"AMAZON_EXTENSION_2024_ESRI_Annual_LULC_2024_24MXU_M_R,AMAZON_EXTENSION_2024_GSW_Yearly_2021_24MXU_M_R,AMAZON_EXTENSION_2024_MapBiomas_Collection10_2024_24MXU_M_R,AMAZON_EXTENSION_2024_WorldCover_2021_24MXU_M_R",6
"AMAZON_EXTENSION_2024_DynamicWorld_2024_24MXU_M_R,AMAZON_EXTENSION_2024_GWL_FCS30D_2022_24MXU_M_R,AMAZON_EXTENSION_2024_MapBiomas_10mbeta_2023_24MXU_M_R",6
"AMAZON_EXTENSION_2024_GWL_FCS30D_2022_24MXU_M_R,AMAZON_EXTENSION_2024_MapBiomas_Collection10_2024_24MXU_M_R,AMAZON_EXTENSION_2024_WorldCover_2021_24MXU_M_R",5
"AMAZON_EXTENSION_2024_GSW_Yearly_2021_24MXU_M_R,AMAZON_EXTENSION_2024_GWL_FCS30D_2022_24MXU_M_R,AMAZON_EXTENSION_2024_MapBiomas_10mbeta_2023_24MXU_M_R,AMAZON_EXTENSION_2024_WorldCover_2021_24MXU_M_R",5
"AMAZON_EXTENSION_2024_GSW_Yearly_2021_24MXU_M_R,AMAZON_EXTENSION_2024_GWL_FCS30D_2022_24MXU_M_R,AMAZON_EXTENSION_2024_MapBiomas_10mbeta_2023_24MXU_M_R,AMAZON_EXTENSION_2024_MapBiomas_Collection10_2024_24MXU_M_R,AMAZON_EXTENSION_2024_WorldCover_2021_24MXU_M_R",5
"AMAZON_EXTENSION_2024_DynamicWorld_2024_24MXU_M_R,AMAZON_EXTENSION_2024_ESRI_Annual_LULC_2024_24MXU_M_R,AMAZON_EXTENSION_2024_GLC_FCS30D_2022_24MXU_M_R,AMAZON_EXTENSION_2024_GSW_Yearly_2021_24MXU_M_R,AMAZON_EXTENSION_2024_GWL_FCS30D_2022_24MXU_M_R",5
"AMAZON_EXTENSION_2024_ESRI_Annual_LULC_2024_24MXU_M_R,AMAZON_EXTENSION_2024_GWL_FCS30D_2022_24MXU_M_R,AMAZON_EXTENSION_2024_MapBiomas_10mbeta_2023_24MXU_M_R,AMAZON_EXTENSION_2024_MapBiomas_Collection10_2024_24MXU_M_R,AMAZON_EXTENSION_2024_WorldCover_2021_24MXU_M_R",5
"AMAZON_EXTENSION_2024_DynamicWorld_2024_24MXU_M_R,AMAZON_EXTENSION_2024_GSW_Yearly_2021_24MXU_M_R,AMAZON_EXTENSION_2024_GWL_FCS30D_2022_24MXU_M_R,AMAZON_EXTENSION_2024_MapBiomas_10mbeta_2023_24MXU_M_R,AMAZON_EXTENSION_2024_MapBiomas_Collection10_2024_24MXU_M_R",4
"AMAZON_EXTENSION_2024_ESRI_Annual_LULC_2024_24MXU_M_R,AMAZON_EXTENSION_2024_GSW_Yearly_2021_24MXU_M_R,AMAZON_EXTENSION_2024_MapBiomas_10mbeta_2023_24MXU_M_R,AMAZON_EXTENSION_2024_MapBiomas_Collection10_2024_24MXU_M_R",4
"AMAZON_EXTENSION_2024_ESRI_Annual_LULC_2024_24MXU_M_R,AMAZON_EXTENSION_2024_GLC_FCS30D_2022_24MXU_M_R,AMAZON_EXTENSION_2024_GWL_FCS30D_2022_24MXU_M_R",4
"AMAZON_EXTENSION_2024_ESRI_Annual_LULC_2024_24MXU_M_R,AMAZON_EXTENSION_2024_GLC_FCS30D_2022_24MXU_M_R,AMAZON_EXTENSION_2024_GSW_Yearly_2021_24MXU_M_R",4
"AMAZON_EXTENSION_2024_GLC_FCS30D_2022_24MXU_M_R,AMAZON_EXTENSION_2024_GSW_Yearly_2021_24MXU_M_R,AMAZON_EXTENSION_2024_GWL_FCS30D_2022_24MXU_M_R,AMAZON_EXTENSION_2024_MapBiomas_10mbeta_2023_24MXU_M_R",4
"AMAZON_EXTENSION_2024_ESRI_Annual_LULC_2024_24MXU_M_R,AMAZON_EXTENSION_2024_GWL_FCS30D_2022_24MXU_M_R,AMAZON_EXTENSION_2024_MapBiomas_10mbeta_2023_24MXU_M_R,AMAZON_EXTENSION_2024_WorldCover_2021_24MXU_M_R",4
"AMAZON_EXTENSION_2024_DynamicWorld_2024_24MXU_M_R,AMAZON_EXTENSION_2024_ESRI_Annual_LULC_2024_24MXU_M_R,AMAZON_EXTENSION_2024_GSW_Yearly_2021_24MXU_M_R,AMAZON_EXTENSION_2024_MapBiomas_Collection10_2024_24MXU_M_R",4
"AMAZON_EXTENSION_2024_ESRI_Annual_LULC_2024_24MXU_M_R,AMAZON_EXTENSION_2024_GSW_Yearly_2021_24MXU_M_R,AMAZON_EXTENSION_2024_WorldCover_2021_24MXU_M_R",4
"AMAZON_EXTENSION_2024_ESRI_Annual_LULC_2024_24MXU_M_R,AMAZON_EXTENSION_2024_GLC_FCS30D_2022_24MXU_M_R,AMAZON_EXTENSION_2024_GSW_Yearly_2021_24MXU_M_R,AMAZON_EXTENSION_2024_MapBiomas_10mbeta_2023_24MXU_M_R",3
"AMAZON_EXTENSION_2024_ESRI_Annual_LULC_2024_24MXU_M_R,AMAZON_EXTENSION_2024_GLC_FCS30D_2022_24MXU_M_R,AMAZON_EXTENSION_2024_GSW_Yearly_2021_24MXU_M_R,AMAZON_EXTENSION_2024_MapBiomas_Collection10_2024_24MXU_M_R",3
"AMAZON_EXTENSION_2024_DynamicWorld_2024_24MXU_M_R,AMAZON_EXTENSION_2024_GSW_Yearly_2021_24MXU_M_R,AMAZON_EXTENSION_2024_MapBiomas_10mbeta_2023_24MXU_M_R",3
"AMAZON_EXTENSION_2024_GSW_Yearly_2021_24MXU_M_R,AMAZON_EXTENSION_2024_GWL_FCS30D_2022_24MXU_M_R,AMAZON_EXTENSION_2024_MapBiomas_Collection10_2024_24MXU_M_R,AMAZON_EXTENSION_2024_WorldCover_2021_24MXU_M_R",3
"AMAZON_EXTENSION_2024_DynamicWorld_2024_24MXU_M_R,AMAZON_EXTENSION_2024_GSW_Yearly_2021_24MXU_M_R,AMAZON_EXTENSION_2024_MapBiomas_Collection10_2024_24MXU_M_R",2
"AMAZON_EXTENSION_2024_DynamicWorld_2024_24MXU_M_R,AMAZON_EXTENSION_2024_ESRI_Annual_LULC_2024_24MXU_M_R,AMAZON_EXTENSION_2024_GSW_Yearly_2021_24MXU_M_R",2
"AMAZON_EXTENSION_2024_ESRI_Annual_LULC_2024_24MXU_M_R,AMAZON_EXTENSION_2024_GSW_Yearly_2021_24MXU_M_R,AMAZON_EXTENSION_2024_MapBiomas_10mbeta_2023_24MXU_M_R",2
"AMAZON_EXTENSION_2024_ESRI_Annual_LULC_2024_24MXU_M_R,AMAZON_EXTENSION_2024_GWL_FCS30D_2022_24MXU_M_R,AMAZON_EXTENSION_2024_MapBiomas_Collection10_2024_24MXU_M_R",2
"AMAZON_EXTENSION_2024_ESRI_Annual_LULC_2024_24MXU_M_R,AMAZON_EXTENSION_2024_GLC_FCS30D_2022_24MXU_M_R,AMAZON_EXTENSION_2024_GSW_Yearly_2021_24MXU_M_R,AMAZON_EXTENSION_2024_GWL_FCS30D_2022_24MXU_M_R,AMAZON_EXTENSION_2024_MapBiomas_10mbeta_2023_24MXU_M_R",2
"AMAZON_EXTENSION_2024_ESRI_Annual_LULC_2024_24MXU_M_R,AMAZON_EXTENSION_2024_GLC_FCS30D_2022_24MXU_M_R,AMAZON_EXTENSION_2024_GSW_Yearly_2021_24MXU_M_R,AMAZON_EXTENSION_2024_GWL_FCS30D_2022_24MXU_M_R,AMAZON_EXTENSION_2024_MapBiomas_Collection10_2024_24MXU_M_R",1
"AMAZON_EXTENSION_2024_ESRI_Annual_LULC_2024_24MXU_M_R,AMAZON_EXTENSION_2024_GSW_Yearly_2021_24MXU_M_R,AMAZON_EXTENSION_2024_GWL_FCS30D_2022_24MXU_M_R,AMAZON_EXTENSION_2024_MapBiomas_10mbeta_2023_24MXU_M_R,AMAZON_EXTENSION_2024_MapBiomas_Collection10_2024_24MXU_M_R",1
"AMAZON_EXTENSION_2024_ESRI_Annual_LULC_2024_24MXU_M_R,AMAZON_EXTENSION_2024_GWL_FCS30D_2022_24MXU_M_R,AMAZON_EXTENSION_2024_MapBiomas_10mbeta_2023_24MXU_M_R",1
"AMAZON_EXTENSION_2024_ESRI_Annual_LULC_2024_24MXU_M_R,AMAZON_EXTENSION_2024_GWL_FCS30D_2022_24MXU_M_R,AMAZON_EXTENSION_2024_MapBiomas_10mbeta_2023_24MXU_M_R,AMAZON_EXTENSION_2024_MapBiomas_Collection10_2024_24MXU_M_R",1
"AMAZON_EXTENSION_2024_ESRI_Annual_LULC_2024_24MXU_M_R,AMAZON_EXTENSION_2024_GSW_Yearly_2021_24MXU_M_R,AMAZON_EXTENSION_2024_MapBiomas_Collection10_2024_24MXU_M_R",1
